
vertices: 4039
edges: 88234
no of triplets: 88234

Static Page Rank: 
(4038,3.2045995270593015)
(4037,0.5067653980567116)
(4036,0.471016133334862)
(4035,0.3173566899026301)
(4034,0.6369535104900355)
(4033,0.45917272770983497)
(4032,0.5393373340966305)
(4031,2.182555926480799)
(4030,4.135094345721948)
(4029,0.5871362856596495)

Dynamic Page Rank: 
(4038,3.2019608236441406)
(4037,0.5087833079290702)
(4036,0.47234079339252444)
(4035,0.31911705466800455)
(4034,0.638166296077938)
(4033,0.46093070862152885)
(4032,0.541394101338325)
(4031,2.184244134684211)
(4030,4.13859004026596)
(4029,0.5890004891618593)

Elapsed time: 
10974117489ns